0	598215	3
1	249243	3
1	1157057	3
1	378865	2
1	703387	2
1	67884	1
1	89657	1
1	190704	1
1	294248	1
1	412087	1
1	1098138	1
1	1534300	1
1	1825509	1
1	302781	0
1	358721	0
1	612902	0
1	802685	0
1	1015542	0
1	1076833	0
1	1335635	0
1	1439792	0
1	1448211	0
1	1681503	0
1	1728079	0
1	1807387	0
2	517756	2
2	685435	2
2	754222	2
2	1468429	2
2	1540175	2
2	1811004	2
2	806811	1
2	939647	1
2	1083180	1
2	1125417	1
2	1196899	1
2	1215119	1
2	1305120	1
2	1532276	1
2	1768438	1
2	449027	0
2	918006	0
2	1226790	0
2	1259527	0
2	1276979	0
2	1526673	0
3	1745753	3
3	392305	2
3	641519	2
3	209649	1
3	793265	1
3	828148	1
3	900593	1
3	978118	1
3	1175074	1
3	1257125	1
3	1579735	1
3	1767390	1
3	277721	0
3	395144	0
3	467300	0
3	1353209	0
4	41702	2
4	740440	2
4	1429276	2
4	71779	1
4	701591	1
4	703449	1
4	1711115	1
4	1726780	1
4	1792773	1
4	169740	0
4	431699	0
4	802611	0
4	849569	0
4	945571	0
4	1097840	0
4	1222364	0
4	1251602	0
4	1330026	0
4	1374434	0
4	1407373	0
4	1435678	0
4	1514125	0
4	1542414	0
4	1612423	0
4	1788575	0
5	1444003	3
5	456719	0
6	8521	4
6	352666	4
6	425504	2
6	663476	2
6	1076007	2
6	1330604	2
6	1444287	2
6	1514627	2
6	1109564	1
6	192538	0
6	295279	0
6	332019	0
6	724090	0
6	733912	0
6	758470	0
6	833946	0
6	880690	0
6	1077929	0
6	1191669	0
6	1413341	0
6	1794384	0
6	1833783	0
7	425020	4
7	963931	4
7	378939	2
7	785038	2
7	1384139	2
7	1466703	2
7	1707161	2
7	1762543	2
7	87669	1
7	130396	1
7	186511	1
7	961444	1
7	1230466	1
7	1506939	1
7	1754556	1
8	580956	1
8	1494654	0
9	1649665	4
9	569099	2
9	644626	2
9	691437	2
9	729147	2
9	832069	2
9	1312540	2
9	1517019	2
9	1651455	2
9	1702650	2
9	1759679	2
9	93503	1
9	211295	1
9	232405	1
9	274911	1
9	309052	1
9	653740	1
9	987276	1
9	1035433	1
9	1135278	1
9	1272472	1
9	1439411	1
9	1445930	1
9	1667280	1
9	791975	0
9	1022279	0
9	1283039	0
9	1307383	0
9	1405575	0
9	1582700	0
10	1603814	4
10	795160	3
11	305293	1
11	631413	1
11	1370568	1
11	49711	0
11	100834	0
11	117530	0
11	232338	0
11	282311	0
11	350947	0
11	371628	0
11	401590	0
11	402604	0
11	403218	0
11	410037	0
11	449695	0
11	535788	0
11	581745	0
11	594159	0
11	640063	0
11	693532	0
11	743447	0
11	747963	0
11	754068	0
11	839818	0
11	844859	0
11	876844	0
11	881787	0
11	920663	0
11	952586	0
11	1061152	0
11	1071484	0
11	1125207	0
11	1270462	0
11	1327672	0
11	1374200	0
11	1409963	0
11	1417124	0
11	1470028	0
11	1477866	0
11	1479622	0
11	1512194	0
11	1515257	0
11	1629571	0
11	1663483	0
11	1712184	0
11	1769204	0
11	1814304	0
11	1822236	0
12	742659	3
12	432521	2
12	1053728	2
12	711808	0
13	559224	2
13	879702	2
13	1385662	2
13	84905	1
13	288086	1
13	310705	1
13	313495	1
13	318031	1
13	417433	1
13	932667	1
13	1124822	1
13	1341347	1
13	1370728	1
13	1439504	1
13	1453637	1
13	1690706	1
13	1799395	1
13	481732	0
13	911869	0
13	1510975	0
13	1735910	0
14	180321	2
14	372481	1
14	250931	0
14	252574	0
14	762514	0
14	769067	0
14	994285	0
14	1048788	0
14	1179003	0
14	1469887	0
14	1610574	0
14	1779608	0
15	611848	4
15	1267567	2
15	1304908	2
15	1658609	2
15	24822	1
15	53856	1
15	698540	1
15	1272952	1
15	1282314	1
15	1693766	1
15	1776383	1
15	51151	0
15	99743	0
15	1295665	0
16	967338	4
16	1803470	3
16	1263649	2
16	1363548	1
16	84206	0
16	373770	0
16	899597	0
16	923214	0
16	1435328	0
16	1608886	0
17	1431210	4
17	1211156	1
17	455622	0
18	924288	3
18	1458867	2
18	1642165	2
18	16379	1
18	159634	1
18	198691	1
18	473733	1
18	807013	1
18	1752357	1
18	360064	0
18	389401	0
18	447859	0
18	725827	0
18	814144	0
18	832085	0
18	846876	0
18	1019408	0
18	1184371	0
18	1522035	0
18	1624467	0
18	1781776	0
19	145685	2
19	1465163	1
19	1807206	1
19	564743	0
19	818690	0
19	1069076	0
19	1105644	0
19	1220156	0
20	375196	3
20	1196534	3
20	1251585	3
20	1446042	3
20	1760374	3
20	266571	2
20	686811	2
20	626738	1
20	945538	1
20	1234305	1
20	441491	0
21	44279	2
21	112678	2
21	395588	2
21	457206	2
21	816931	2
21	1330348	2
21	1768242	2
21	519422	1
21	803632	1
21	872161	1
21	971215	1
21	1409718	1
21	1789323	1
21	32808	0
21	246823	0
21	372406	0
21	497472	0
21	1063704	0
21	1231023	0
21	1309681	0
21	1488362	0
21	1724085	0
22	22629	1
22	779816	1
22	934444	1
22	1475431	1
22	21030	0
22	209490	0
22	332869	0
22	484047	0
22	518515	0
22	545099	0
22	573062	0
22	592078	0
22	694991	0
22	829591	0
22	929904	0
22	1160171	0
22	1237479	0
22	1335980	0
22	1600573	0
22	1738675	0
23	87499	2
23	381051	2
23	747091	2
23	1095886	2
23	1176362	2
23	40206	1
23	50127	1
23	577375	1
23	626666	1
23	878050	1
23	1434820	1
23	1740005	1
23	1785118	1
23	195502	0
23	1289653	0
23	1494202	0
23	1570729	0
24	1049882	2
24	1233821	1
24	318722	0
24	681117	0
24	855046	0
24	1081647	0
24	1749138	0
25	546829	4
25	594241	2
25	1142591	2
25	202094	1
25	371817	1
25	1201504	1
25	1672649	1
25	206045	0
25	344865	0
25	437620	0
25	479675	0
25	662284	0
25	732232	0
25	834561	0
25	1623835	0
26	182605	3
26	866830	3
26	236702	2
26	273431	2
26	338695	2
26	412878	2
26	543584	2
26	1069504	2
26	1313177	2
26	1780361	2
26	110503	1
26	112702	1
26	403238	1
26	429187	1
26	712017	1
26	774788	1
26	910365	1
26	1061986	1
26	249307	0
26	656599	0
26	791024	0
26	887664	0
26	1050648	0
26	1276116	0
26	1560703	0
26	1699799	0
27	275903	2
27	845506	2
27	1623338	2
27	808480	1
27	885530	1
27	903590	1
28	226728	3
28	1007240	2
28	1740312	0
29	307941	2
29	772070	2
29	1142530	2
29	243998	1
29	381662	1
29	903474	1
29	932057	1
29	1217488	1
29	1591440	1
29	1734760	1
29	95940	0
29	218882	0
29	222254	0
29	326171	0
29	368615	0
29	478226	0
29	600296	0
29	630824	0
29	749604	0
29	1044357	0
29	1137818	0
29	1252321	0
29	1302051	0
29	1483058	0
29	1586553	0
29	1633071	0
29	1842270	0
30	80001	2
30	86038	2
30	366881	2
30	586527	2
30	607060	2
30	1418939	2
30	1806074	2
30	303292	1
30	1019655	1
30	1118659	1
30	1594701	1
30	1144400	0
30	1410766	0
30	1815818	0
31	594305	2
31	567560	1
31	738752	1
31	1240272	1
31	1729918	1
31	96074	0
31	850636	0
32	405992	2
32	1813653	2
32	605751	0
33	203390	3
33	1358873	2
33	1506537	2
33	56208	1
33	113977	1
33	267476	1
33	348131	1
33	520599	1
33	577748	1
33	792108	1
33	1322535	1
33	1362898	1
33	1789390	1
33	34934	0
33	39555	0
33	168018	0
33	234669	0
33	308386	0
33	391912	0
33	433261	0
33	552580	0
33	586430	0
33	853894	0
33	967622	0
33	1052950	0
33	1373756	0
33	1395046	0
33	1439587	0
33	1490839	0
33	1513878	0
33	1648312	0
33	1752286	0
33	1791779	0
33	1803094	0
33	1804091	0
34	592431	4
34	926684	3
34	511606	2
34	712115	2
34	831120	2
34	907536	2
34	1191275	2
34	1437502	2
34	1994	1
34	225157	1
34	559671	1
34	672951	1
34	798520	1
34	1064146	1
34	1273684	1
34	1822123	1
34	58987	0
34	1821243	0
35	131710	2
35	74167	1
35	83443	1
35	15588	0
35	528085	0
35	810188	0
35	883199	0
35	897932	0
35	1196089	0
35	1399922	0
35	1616484	0
36	991568	4
36	465571	2
36	86206	1
36	118702	1
36	213213	1
36	229648	1
36	437486	1
36	793086	1
36	869240	1
36	1238849	1
36	1411039	1
36	1476793	1
36	1493000	1
36	1505460	1
36	59766	0
36	369169	0
36	565153	0
36	728230	0
36	1023134	0
36	1094491	0
36	1508839	0
36	1647486	0
37	130088	2
37	197380	1
37	375182	1
37	680074	1
37	870608	1
37	924785	1
37	985789	1
37	1162612	1
37	1378953	1
37	1648683	1
37	1703661	1
37	143697	0
37	248259	0
37	272483	0
37	277278	0
37	442843	0
37	494436	0
37	503178	0
37	511527	0
37	591919	0
37	594792	0
37	900090	0
37	1015694	0
37	1056648	0
37	1062526	0
37	1184988	0
37	1201784	0
37	1563959	0
38	13110	2
38	169873	1
38	997612	1
38	1544792	1
38	1656260	1
38	1673617	1
38	134952	0
38	143638	0
38	670857	0
38	903376	0
38	1024460	0
38	1077042	0
38	1079464	0
38	1120254	0
38	1202380	0
38	1203455	0
38	1354815	0
38	1387034	0
38	1429381	0
38	1509103	0
39	739159	4
39	1774961	3
39	136299	2
39	996294	2
39	1149280	2
39	1403574	2
39	1659771	2
39	73659	1
39	124416	1
39	386263	1
39	514158	1
39	692206	1
39	749875	1
39	1748259	1
39	1763541	1
39	60748	0
39	278326	0
39	339001	0
39	835739	0
39	1011261	0
39	1207345	0
39	1473627	0
39	1697458	0
40	210589	2
40	644989	2
40	1575255	2
40	1731536	2
40	1765896	2
40	2266	1
40	264183	1
40	445841	1
40	459388	1
40	701581	1
40	764954	1
40	845937	1
40	1064462	1
40	1414176	1
40	1506357	1
40	1580496	1
40	1732030	1
40	850776	0
40	1339636	0
40	1395258	0
40	1409701	0
40	1670984	0
41	975651	4
41	447152	3
41	324391	2
41	395419	2
41	1567411	2
41	1694225	2
41	33692	1
41	291005	1
41	848995	1
41	1175380	1
41	1527558	1
41	1111952	0
41	1292395	0
41	1433656	0
42	1013947	3
42	787444	2
42	956602	0
43	12367	2
43	1017737	2
43	1768211	2
43	26141	1
43	122457	1
43	130254	1
43	193159	1
43	918020	1
43	1387800	1
43	1426917	1
43	1731565	1
43	32346	0
43	63376	0
43	85227	0
43	200220	0
43	265343	0
43	566447	0
43	703837	0
43	1087968	0
43	1131968	0
43	1390603	0
43	1406055	0
43	1444568	0
43	1547568	0
43	1575546	0
43	1625414	0
43	1737465	0
44	514571	2
44	940912	2
45	300817	4
45	749354	2
45	294679	0
46	790277	1
46	1127775	1
46	51998	0
46	123179	0
46	144470	0
46	228697	0
46	447232	0
46	680214	0
46	723198	0
46	760498	0
46	862555	0
46	903951	0
46	1115646	0
46	1242677	0
46	1261010	0
46	1300814	0
46	1332084	0
46	1348020	0
46	1352324	0
46	1677889	0
46	1729439	0
46	1815455	0
47	831922	2
47	1154403	2
47	1294608	2
47	1473773	2
47	302602	1
47	681720	1
47	1145295	1
47	1283629	1
47	1544999	1
47	1605760	1
47	1693314	1
47	586964	0
47	591370	0
47	924212	0
47	957159	0
47	996738	0
47	1231495	0
47	1789487	0
48	546047	3
48	1810618	3
48	5671	2
48	414134	2
48	536538	2
48	599822	2
48	624553	2
48	833715	2
48	992857	2
48	1247925	2
48	1503619	2
48	1674593	2
48	207202	1
48	532736	1
48	884425	1
48	1390973	1
48	1480228	1
48	1023810	0
48	1048940	0
48	1074954	0
48	1118100	0
48	1258283	0
48	1306609	0
49	755561	4
49	528894	3
49	1734801	3
49	437963	2
49	766636	2
49	771343	2
49	915449	2
49	915839	2
49	1028541	2
49	1584841	2
49	1650868	2
49	1664991	2
49	26357	1
49	61423	1
49	262658	1
49	503047	1
49	583552	1
49	659101	1
49	746766	1
49	938538	1
49	1053857	1
49	1062409	1
49	1211675	1
49	1308456	1
49	1367178	1
49	1612160	1
49	1672628	1
49	52639	0
49	132588	0
49	206164	0
49	435956	0
49	1044764	0
49	1501508	0
50	180500	4
50	280115	3
50	517655	2
50	766776	2
50	823167	2
50	824799	2
50	841061	2
50	843490	2
50	1199549	2
50	1298263	2
50	1553829	2
50	22391	1
50	59160	1
50	73783	1
50	123911	1
50	418078	1
50	424498	1
50	438276	1
50	578304	1
50	639587	1
50	886787	1
50	975547	1
50	1023638	1
50	1440568	1
50	1567984	1
50	1703762	1
50	1837524	1
50	471348	0
50	732155	0
50	1297896	0
50	1301200	0
50	1302586	0
50	1441758	0
50	1467984	0
50	1539703	0
50	1803620	0
51	631852	3
51	1373492	3
51	163228	2
51	204821	2
51	250499	2
51	319924	2
51	419522	2
51	419683	2
51	458122	2
51	523962	2
51	973435	2
51	1209523	2
51	1384175	2
51	1544155	2
51	1544711	2
51	1772351	2
51	98506	1
51	208845	1
51	224057	1
51	366403	1
51	493796	1
51	511350	1
51	602231	1
51	1703893	1
51	1784559	1
51	201842	0
51	470074	0
51	516050	0
51	723647	0
51	1101786	0
51	1131973	0
51	1429837	0
51	1528514	0
52	742833	3
52	30275	1
53	156615	1
53	343917	1
53	358741	1
53	413684	1
53	491047	1
53	1242442	1
53	1250957	1
53	1758218	1
53	160336	0
53	406566	0
53	444336	0
53	867183	0
53	989253	0
53	1148625	0
53	1161078	0
53	1484773	0
53	1485764	0
53	1586946	0
54	340236	2
54	1033851	2
54	1073358	2
54	1120702	2
54	1264233	1
54	1417246	1
54	1581734	1
54	1758065	1
54	70865	0
54	82971	0
54	485184	0
54	764716	0
54	814736	0
54	940784	0
54	1119858	0
54	1164687	0
54	1221385	0
54	1644797	0
54	1680711	0
54	1713237	0
54	1733932	0
54	1764783	0
55	1215437	4
55	125045	3
55	763734	3
55	1605009	2
55	1496519	1
55	1659947	1
55	130315	0
55	148593	0
55	189145	0
55	296322	0
55	313961	0
55	747108	0
55	1045743	0
55	1104993	0
55	1138818	0
56	126356	4
56	581173	2
56	684677	2
56	1025004	2
56	1066924	2
56	1157628	2
56	1775304	2
56	849844	1
56	865488	1
56	1091873	1
56	1093780	1
56	1489217	1
56	1777349	1
56	1444834	0
57	399322	3
57	1761575	3
57	305989	2
57	406288	2
57	674073	2
57	1319166	2
57	1831771	2
57	339050	1
57	490050	1
57	547022	1
57	937021	1
57	1171579	1
57	1403129	1
57	1461766	1
57	1490502	1
57	1693917	1
57	1733211	1
57	43990	0
57	94706	0
57	402953	0
57	553730	0
57	888120	0
57	1713181	0
57	1757153	0
58	1206856	4
58	1162101	3
58	1506647	2
58	1707393	1
59	606566	2
59	104625	1
59	238533	0
59	579320	0
59	675578	0
59	777135	0
59	848731	0
59	881472	0
59	905144	0
59	1145291	0
59	1146454	0
59	1152329	0
59	1279264	0
59	1312696	0
59	1333377	0
59	1388242	0
59	1471601	0
59	1592803	0
59	1678455	0
59	1729025	0
59	1805440	0
60	102551	1
60	845645	1
60	1786492	1
60	24144	0
60	98675	0
60	104303	0
60	113760	0
60	116255	0
60	145204	0
60	175481	0
60	214076	0
60	236109	0
60	262198	0
60	358566	0
60	386070	0
60	402906	0
60	441216	0
60	478764	0
60	507179	0
60	608204	0
60	626514	0
60	632749	0
60	645676	0
60	667608	0
60	707666	0
60	708331	0
60	745247	0
60	773073	0
60	787622	0
60	788559	0
60	808753	0
60	824943	0
60	838450	0
60	905522	0
60	916044	0
60	946030	0
60	961569	0
60	1004717	0
60	1030839	0
60	1033804	0
60	1084641	0
60	1146583	0
60	1150759	0
60	1164949	0
60	1213886	0
60	1234078	0
60	1251896	0
60	1268367	0
60	1287568	0
60	1317556	0
60	1352136	0
60	1377076	0
60	1405878	0
60	1410156	0
60	1419834	0
60	1448326	0
60	1462081	0
60	1538419	0
60	1657608	0
60	1673701	0
60	1687602	0
60	1763414	0
60	1770087	0
60	1773577	0
60	1806436	0
60	1822746	0
60	1825925	0
61	95593	2
61	151160	2
61	713709	2
61	738681	2
61	833132	2
61	915606	2
61	1014673	2
61	1052283	2
61	1119897	2
61	1274893	2
61	422567	1
61	752697	1
61	1432424	1
61	187114	0
61	216227	0
61	525375	0
61	645062	0
61	698460	0
61	1330960	0
61	1340883	0
61	1495112	0
61	1542236	0
61	1699486	0
61	1712400	0
62	775482	3
62	1076484	0
63	147547	2
63	153753	2
63	221631	2
63	685174	2
63	877450	2
63	1758149	2
63	344230	1
63	551603	1
63	767624	1
63	939883	1
63	996754	1
63	1114450	1
63	1179308	1
63	1284462	1
63	1396887	0
64	662230	2
64	3703	0
64	36906	0
64	62326	0
64	73138	0
64	92537	0
64	110176	0
64	136519	0
64	138248	0
64	156382	0
64	213172	0
64	238422	0
64	272954	0
64	292453	0
64	296401	0
64	335810	0
64	346094	0
64	366275	0
64	368038	0
64	376730	0
64	393830	0
64	413880	0
64	429058	0
64	442174	0
64	452670	0
64	474504	0
64	489143	0
64	495744	0
64	501438	0
64	525196	0
64	547655	0
64	566011	0
64	578438	0
64	581185	0
64	600137	0
64	617116	0
64	633606	0
64	669827	0
64	678962	0
64	682574	0
64	706236	0
64	731177	0
64	744824	0
64	752350	0
64	753274	0
64	775323	0
64	777019	0
64	785244	0
64	793781	0
64	815751	0
64	847262	0
64	858782	0
64	863240	0
64	879794	0
64	880129	0
64	889980	0
64	896992	0
64	902434	0
64	912597	0
64	915066	0
64	931553	0
64	943453	0
64	945470	0
64	948564	0
64	951236	0
64	977562	0
64	979774	0
64	982830	0
64	996463	0
64	996843	0
64	1000816	0
64	1021859	0
64	1029786	0
64	1039337	0
64	1048882	0
64	1050838	0
64	1076515	0
64	1086212	0
64	1099446	0
64	1102022	0
64	1106751	0
64	1119693	0
64	1127599	0
64	1135234	0
64	1157093	0
64	1173144	0
64	1197205	0
64	1199008	0
64	1211136	0
64	1213249	0
64	1235280	0
64	1267674	0
64	1304556	0
64	1306732	0
64	1312286	0
64	1327591	0
64	1328826	0
64	1330983	0
64	1367522	0
64	1371360	0
64	1374993	0
64	1403346	0
64	1412949	0
64	1418458	0
64	1432840	0
64	1444865	0
64	1463925	0
64	1465752	0
64	1469039	0
64	1472427	0
64	1473072	0
64	1524945	0
64	1540048	0
64	1573391	0
64	1575208	0
64	1587629	0
64	1627085	0
64	1641465	0
64	1643908	0
64	1644678	0
64	1652412	0
64	1683291	0
64	1691091	0
64	1694741	0
64	1700468	0
64	1708370	0
64	1754068	0
64	1763406	0
64	1772124	0
64	1772827	0
64	1780916	0
64	1793218	0
64	1807293	0
64	1811479	0
64	1821480	0
64	1830014	0
65	1270192	2
65	1708186	2
65	229401	1
65	432022	1
65	457622	1
65	953047	1
65	1035570	1
65	1520328	1
65	194325	0
65	233500	0
65	306698	0
65	371143	0
65	430949	0
65	501538	0
65	776893	0
65	1022868	0
65	1044161	0
65	1145780	0
65	1503166	0
65	1523830	0
65	1606309	0
65	1755295	0
66	605511	2
66	1000046	2
66	1196905	2
66	1565345	2
66	1609085	2
66	340456	1
66	1030010	1
66	1193037	1
66	1516229	1
66	1756714	1
66	245200	0
66	1789817	0
66	1819191	0
67	94968	2
67	200419	2
67	345612	2
67	666873	2
67	1075447	2
67	148632	1
67	690678	1
67	702003	1
67	951512	1
67	1645027	1
67	133226	0
67	1311424	0
68	424609	2
68	1766395	1
68	1276938	0
69	236150	2
69	540539	2
69	651115	2
69	655356	2
69	661700	2
69	706771	2
69	964580	2
69	1172597	2
69	1448136	2
69	1808131	2
69	316878	1
69	452448	1
69	498889	1
69	517088	1
69	850471	1
69	1588736	1
69	28055	0
69	219258	0
69	286926	0
69	502266	0
69	609644	0
69	970932	0
69	1220400	0
69	1376505	0
69	1400489	0
69	1779873	0
69	1802676	0
69	1805107	0
70	1453849	4
70	837789	2
70	1153866	2
70	997838	1
70	1553309	1
70	104914	0
70	420265	0
70	597412	0
70	936977	0
70	1353057	0
70	1722724	0
71	1501593	4
71	1244285	3
72	476771	4
72	1344286	4
72	157812	2
72	278555	2
72	676384	2
73	180295	2
73	976751	2
73	1554110	2
73	233042	1
73	466885	1
73	1020383	1
73	101466	0
73	294681	0
73	708932	0
73	1737410	0
74	1031722	3
74	1247950	3
74	1321309	3
74	1462019	3
74	1686317	3
74	159428	2
74	738478	2
74	790653	2
74	333555	1
74	597197	1
74	646615	1
74	1107666	1
74	1548967	1
74	1692661	1
74	1816302	1
74	1252222	0
74	1464014	0
74	1742859	0
75	781736	2
75	1665082	2
75	121922	1
75	453887	1
75	1044144	1
75	173349	0
76	554920	1
76	756540	0
76	1377410	0
77	292425	2
77	780060	2
77	784111	2
77	835071	2
77	1632442	2
77	1219488	1
77	421560	0
77	699737	0
77	1529856	0
77	1745943	0
78	122237	3
78	1793248	3
78	353635	2
78	603138	2
78	1051470	2
78	1306533	2
78	221880	1
78	1079667	1
78	1084825	1
78	1116663	1
78	1009870	0
79	477147	2
79	1178747	2
79	1198285	2
79	1619662	2
79	1825251	2
79	181672	1
79	313857	1
79	113514	0
79	153934	0
79	416604	0
79	518909	0
79	808703	0
79	995253	0
79	1028173	0
79	1174219	0
79	1233913	0
79	1287635	0
79	1398528	0
79	1404999	0
79	1647903	0
79	1667529	0
79	1825439	0
80	487590	2
80	811565	2
80	284150	1
80	458507	1
80	489226	1
80	649007	1
80	1719091	1
80	174671	0
80	182308	0
80	185447	0
80	230275	0
80	262013	0
80	322147	0
80	389588	0
80	445847	0
80	528279	0
80	601470	0
80	862919	0
80	881275	0
80	959521	0
80	973668	0
80	995629	0
80	1005619	0
80	1178291	0
80	1187068	0
80	1192658	0
80	1388601	0
80	1490153	0
80	1541480	0
80	1566220	0
80	1784855	0
81	482995	2
81	165122	1
81	403353	1
81	474220	1
81	1619804	1
81	1760684	1
81	147148	0
81	720674	0
81	909639	0
81	1788910	0
82	267150	3
82	1202206	3
82	1602912	2
82	88476	1
82	319851	1
82	331841	1
82	354334	1
82	603628	1
82	644187	1
82	815958	1
82	878191	1
82	1043938	1
82	1420405	1
82	1542708	1
82	1574181	1
82	1597199	1
82	827153	0
82	1135183	0
82	1174345	0
82	1451240	0
82	1695178	0
82	1811433	0
83	1305157	4
83	1381877	0
84	1045875	2
84	1820504	2
84	166777	1
84	258018	1
84	320349	1
84	951828	1
84	1102051	1
84	1526708	1
84	1551533	1
84	29322	0
84	196998	0
84	427079	0
84	569948	0
84	709218	0
84	719077	0
84	929321	0
84	947481	0
84	1020185	0
84	1051826	0
84	1259800	0
84	1266512	0
84	1295648	0
84	1296846	0
84	1304877	0
84	1338675	0
84	1483002	0
84	1607687	0
84	1774995	0
84	1805940	0
84	1832479	0
85	166094	1
85	32020	0
85	68944	0
85	81748	0
85	418898	0
85	564739	0
85	774718	0
85	852340	0
85	1038488	0
85	1369132	0
85	1641094	0
86	950425	2
86	1598589	2
86	110526	1
86	213164	1
86	548322	1
86	669093	1
86	696200	1
86	1024248	1
86	1033232	1
86	1053555	1
86	1396046	1
86	1665911	1
86	1836002	1
86	60746	0
86	182689	0
86	300412	0
86	322758	0
86	476147	0
86	499102	0
86	545879	0
86	599816	0
86	643629	0
86	647328	0
86	839466	0
86	995094	0
86	1014696	0
86	1031592	0
86	1063332	0
86	1077772	0
86	1080018	0
86	1108802	0
86	1163584	0
86	1232683	0
86	1271927	0
86	1335133	0
86	1338190	0
86	1347067	0
86	1349389	0
86	1392989	0
86	1438785	0
86	1492305	0
86	1587538	0
86	1607983	0
86	1627723	0
86	1644681	0
86	1778674	0
86	1780167	0
86	1829585	0
87	873344	2
87	1107975	1
87	1230688	1
87	60582	0
87	203337	0
87	389887	0
87	527049	0
87	1301872	0
87	1491244	0
87	1605934	0
88	1298698	4
88	1573087	3
88	1473546	2
89	953952	4
89	1090307	2
89	1778422	2
89	34793	1
89	475676	1
89	628915	1
89	744375	1
89	953948	1
89	1001805	1
89	1319085	1
89	1326607	1
89	1467200	1
89	1619963	1
89	21324	0
89	42836	0
89	444207	0
89	450066	0
89	456227	0
89	490744	0
89	653299	0
89	690460	0
89	1128309	0
89	1347071	0
89	1421214	0
89	1487483	0
89	1494900	0
89	1582604	0
89	1618894	0
89	1731274	0
89	1761984	0
90	301500	3
90	866564	2
90	1638109	2
90	308969	1
90	324737	1
90	607671	0
90	1186763	0
90	1240640	0
91	394900	2
91	618239	2
91	947320	2
91	1428170	2
91	1507814	2
91	1526073	2
91	1669921	2
91	1717946	2
91	1752112	2
91	789198	1
91	1327121	1
91	1337475	1
91	394982	0
91	1405547	0
92	1810279	3
92	897340	2
92	811073	1
93	1173866	2
93	609883	1
93	1237771	1
93	604344	0
93	679629	0
93	775481	0
93	791776	0
93	1351500	0
93	1433308	0
93	1655019	0
94	40418	3
94	332136	3
94	1624093	3
94	25888	2
94	161509	2
94	194168	2
94	391240	2
94	471942	2
94	712177	2
94	762267	1
94	993842	1
94	1087580	1
94	177945	0
94	921647	0
94	980767	0
94	1207165	0
94	1840878	0
95	602019	3
95	1304909	2
95	1725034	2
95	1742135	2
95	800072	1
95	156482	0
95	756613	0
95	845529	0
96	837291	3
96	1134952	3
96	813647	1
96	260814	0
96	1138253	0
96	1604346	0
97	1113722	2
97	190555	1
97	1591901	1
97	125588	0
97	174854	0
97	267599	0
97	358178	0
97	370997	0
97	431140	0
97	454770	0
97	714660	0
97	766816	0
97	970957	0
97	1048414	0
97	1383840	0
97	1387715	0
97	1450187	0
97	1598553	0
97	1609651	0
97	1626399	0
97	1842468	0
98	1197168	4
98	346725	3
98	1704288	3
98	168169	2
98	174232	2
98	779953	2
98	830063	2
98	1081520	2
98	1085736	2
98	1154695	2
98	1181183	2
98	1329095	2
98	1443379	2
98	1750580	2
98	121711	1
98	239165	1
98	428995	1
98	478586	1
98	558921	1
98	576708	1
98	798286	1
98	949830	1
98	1111309	1
98	1213732	1
98	1254330	1
98	1255144	1
98	1269002	1
98	1278520	1
98	1341403	1
98	1423989	1
98	1459982	1
98	1484190	1
98	1526396	1
98	1636473	1
98	1683650	1
98	1778105	1
98	57194	0
98	202002	0
98	230555	0
98	388874	0
98	463680	0
98	507801	0
98	513333	0
98	576588	0
98	814237	0
98	887319	0
98	1003088	0
98	1204564	0
98	1266823	0
98	1460377	0
98	1531641	0
98	1700070	0
99	989011	1
99	1408238	1
99	149912	0
99	676504	0
99	929563	0
99	1228558	0
99	1665689	0
99	1747670	0
99	1838663	0
100	1818545	4
100	145172	3
100	437903	2
100	259945	0
101	136817	4
101	1677768	3
101	405701	2
101	458079	2
101	592532	2
101	660921	2
101	1188311	2
101	1585424	2
101	1767992	2
101	104455	1
101	541605	1
101	541708	1
101	575378	1
101	714251	1
101	797761	1
101	880784	1
101	1075601	1
101	1093915	1
101	1273719	1
101	1669556	1
101	72219	0
101	137716	0
101	253390	0
101	263069	0
101	273173	0
101	477002	0
101	639410	0
101	810612	0
101	870831	0
101	884401	0
101	969116	0
101	1021534	0
101	1036487	0
101	1049083	0
101	1253474	0
101	1301908	0
101	1377563	0
101	1729694	0
101	1779916	0
102	115030	2
102	144522	2
102	641983	2
102	780101	2
102	29094	1
102	131075	1
102	295287	1
102	364867	1
102	487662	1
102	508890	1
102	581781	1
102	598059	1
102	915335	1
102	1022224	1
102	1488812	1
102	1779087	1
102	1797142	1
102	61967	0
102	283666	0
102	852381	0
102	921931	0
102	1743489	0
102	1775716	0
103	1419952	4
103	1635471	4
103	1747560	3
103	1797589	3
103	1034512	1
103	1200065	0
104	1637203	3
104	125646	2
105	139627	1
105	256568	1
105	284050	1
105	481689	1
105	492746	1
105	1167817	1
105	1606721	1
105	1656748	1
105	1674446	0
106	25596	2
106	162259	2
106	234132	2
106	646825	2
106	1404033	2
106	43429	1
106	327925	1
106	1622709	1
106	1665974	1
106	343396	0
107	105358	2
107	409366	2
107	1098742	2
107	1802352	2
107	99153	1
107	265938	1
107	402444	1
107	411309	1
107	437658	1
107	786258	1
107	788778	1
107	1086387	1
107	1288509	1
107	1800522	1
107	165161	0
107	259550	0
107	359111	0
107	435464	0
107	503980	0
107	596445	0
107	1366901	0
107	1813051	0
108	60696	2
108	493243	2
108	518669	2
108	747165	2
108	834420	2
108	155806	1
108	542529	1
108	1352152	1
109	340571	2
109	84876	1
109	955096	1
109	1414708	1
110	971620	2
110	1510282	2
110	68663	1
110	1059339	1
110	1176853	1
110	1562982	1
110	3397	0
110	358012	0
110	387231	0
110	608289	0
110	623256	0
110	670935	0
110	876322	0
110	1506058	0
110	1575606	0
111	229379	4
111	130771	2
111	948043	0
112	340460	3
112	1795949	2
112	883554	1
112	63448	0
113	987656	2
113	204401	1
113	1203408	1
113	1399229	1
113	1741081	1
113	559677	0
113	676278	0
113	686901	0
113	1048235	0
113	1150217	0
113	1288178	0
113	1291967	0
113	1351022	0
113	1658975	0
113	1713473	0
113	1818561	0
114	1674020	4
114	270121	0
115	1716319	4
115	663656	0
116	473961	2
116	542997	2
116	619717	2
116	904707	2
116	942599	2
116	962299	2
116	1089812	2
116	1434915	2
116	1829127	2
116	179397	1
116	433642	1
116	892258	1
116	1257626	1
116	1716502	1
116	1792174	1
116	88722	0
116	101879	0
116	1219380	0
116	1250794	0
116	1410110	0
116	1449915	0
116	1521429	0
116	1782935	0
117	257604	2
117	371019	2
117	1266603	2
117	200845	1
117	206686	1
117	245667	1
117	649458	1
117	756122	1
117	892227	1
117	932634	1
117	1248090	1
117	1732783	1
117	200634	0
117	204861	0
117	475296	0
117	635209	0
117	743120	0
117	898971	0
117	899314	0
117	901151	0
117	1211807	0
117	1216155	0
117	1259845	0
117	1278572	0
117	1345562	0
118	1248838	4
118	497129	3
118	1445504	2
118	451640	0
119	1591753	3
119	15914	2
119	1014089	2
119	1334736	2
119	121379	1
119	400577	1
119	427259	1
119	429157	1
119	587796	1
119	836076	1
119	928142	1
119	959096	1
119	972797	1
119	1139176	1
119	1188907	1
119	1335261	1
119	1359233	1
119	1379812	1
119	1432648	1
119	1530732	1
119	1534699	1
119	503215	0
119	548735	0
119	550038	0
119	717520	0
119	1729220	0
119	1814689	0
120	1423790	4
121	936904	4
121	1671899	4
121	632768	2
121	1464338	2
121	1488889	2
121	568872	0
121	1263750	0
122	141720	2
122	783258	2
122	247515	1
122	648284	1
122	958399	1
122	1074077	1
122	1834132	1
122	94563	0
122	104235	0
122	232505	0
122	299734	0
122	364457	0
122	413062	0
122	757217	0
122	960705	0
122	1025713	0
122	1103016	0
122	1115517	0
122	1126255	0
122	1145232	0
122	1156802	0
122	1223023	0
122	1457476	0
122	1486690	0
122	1586517	0
122	1645240	0
122	1689900	0
122	1718513	0
123	1761473	4
123	1371177	3
123	453845	2
124	1333511	3
124	1012487	2
124	1168100	2
124	1471432	2
124	379175	1
124	1339437	1
124	1370096	1
124	1449135	1
124	1527585	1
124	1672176	1
124	136803	0
124	382120	0
124	685691	0
124	1214942	0
124	1258032	0
124	1528454	0
124	1638813	0
125	282323	3
125	318300	3
125	1099807	3
125	1137592	2
125	1351442	2
125	590360	1
125	754660	1
125	923318	1
125	1360429	1
125	1442127	1
125	1560294	1
125	129776	0
125	174553	0
125	213714	0
125	495827	0
125	1100118	0
125	1396538	0
125	1688754	0
125	1802877	0
126	1217621	3
126	138413	2
126	227394	2
126	651956	2
126	1223967	2
126	1354087	2
126	666672	1
126	893531	1
126	947555	1
126	1173056	1
126	1208869	1
126	1487081	1
126	1552847	1
126	1567219	1
126	1700800	1
126	216399	0
126	234431	0
126	688119	0
126	882477	0
126	1699004	0
126	1763538	0
127	944739	4
128	640572	3
128	327339	2
128	550328	2
128	1115118	2
128	1300536	2
128	1473509	2
128	1703206	2
128	1729382	2
128	367062	1
128	757077	1
128	816324	1
128	901033	1
128	1288808	1
128	1318300	1
128	216958	0
128	284642	0
128	298633	0
128	458998	0
128	619048	0
128	786273	0
128	796982	0
128	802569	0
128	869179	0
128	1018571	0
128	1025972	0
128	1057604	0
128	1348737	0
128	1377755	0
128	1429082	0
128	1448027	0
128	1693066	0
128	1761993	0
129	122376	2
129	322872	2
129	355148	2
129	446033	2
129	863062	2
129	1270747	2
129	1688593	2
129	1602	1
129	28232	1
129	160641	1
129	541778	1
129	589915	1
129	719890	1
129	876128	1
129	1047508	1
129	1282105	1
129	1369360	1
129	1513906	1
129	66025	0
129	218261	0
129	640188	0
129	870716	0
129	916270	0
129	923305	0
129	1039959	0
129	1378488	0
129	1408630	0
129	1582788	0
129	1637114	0
129	1727353	0
129	1730174	0
130	1361397	1
130	136891	0
130	637221	0
130	959490	0
130	1702223	0
130	1744128	0
130	1768064	0
131	146399	2
131	155021	2
131	294335	2
131	629123	2
131	909359	2
131	1842078	2
131	13463	1
131	550876	1
131	728380	1
131	728457	1
131	1836807	1
131	1220270	0
131	1609581	0
132	244746	2
132	131120	1
132	886147	1
132	1211145	1
132	1282119	1
132	1427236	1
132	1668541	1
132	1747933	1
132	1762923	1
132	126201	0
132	643334	0
132	909224	0
132	973578	0
132	1581583	0
133	113980	2
133	669332	2
133	1538125	2
133	1675771	2
133	160581	1
133	197866	1
133	556261	1
133	576465	1
133	669996	1
133	1108842	0
133	1461711	0
133	1635574	0
134	1185037	4
134	1318276	2
134	1405712	0
135	786719	2
136	1372010	4
136	1300351	2
136	1190842	1
137	1554820	2
137	1692548	2
137	307001	1
137	327615	1
137	605294	1
137	617166	1
137	825318	1
137	899319	1
137	926541	1
137	1159118	1
137	1328984	1
137	1732286	1
137	1734936	1
137	1835646	1
137	108402	0
137	1238209	0
137	1781652	0
137	1821503	0
138	856833	2
138	915623	1
138	958207	1
138	1130056	1
138	1143122	1
138	1170539	1
138	1189403	1
138	1222361	1
138	1360490	1
138	1538392	1
138	1567735	1
138	9838	0
138	22589	0
138	31037	0
138	49743	0
138	55755	0
138	75299	0
138	90061	0
138	167246	0
138	169244	0
138	201819	0
138	297489	0
138	301763	0
138	312270	0
138	338172	0
138	375795	0
138	407223	0
138	444495	0
138	445804	0
138	479001	0
138	480760	0
138	517965	0
138	631303	0
138	659197	0
138	685742	0
138	725862	0
138	755815	0
138	783215	0
138	824450	0
138	880611	0
138	904340	0
138	992089	0
138	996933	0
138	1018456	0
138	1121722	0
138	1214958	0
138	1229288	0
138	1247466	0
138	1507407	0
138	1560996	0
138	1789976	0
139	536723	4
139	627422	1
139	1821216	1
139	578865	0
139	1052995	0
140	536879	2
141	1476720	3
141	1360340	2
141	1454515	2
141	1478784	2
141	1599994	2
141	5102	1
141	503454	1
141	513460	1
141	630593	1
141	747499	1
141	778841	1
141	871077	1
141	891667	1
141	1066261	1
141	1179416	1
141	1222520	1
141	1270810	1
141	1429634	1
141	1436328	1
141	1671281	1
141	1774193	1
141	222149	0
141	801287	0
141	871959	0
141	907402	0
141	989148	0
141	1040611	0
141	1106446	0
141	1191654	0
141	1248274	0
141	1279281	0
141	1318621	0
141	1384881	0
141	1440559	0
141	1554245	0
141	1632892	0
141	1651941	0
141	1661219	0
141	1684945	0
141	1720556	0
141	1777417	0
141	1809972	0
142	922902	2
143	779942	3
143	1259474	3
143	45692	2
143	148364	2
143	741057	2
143	794937	2
143	827983	2
143	1333053	2
143	1438775	2
143	213715	1
143	294035	1
143	532695	1
143	823601	1
143	924894	1
143	1359618	1
143	1614563	1
144	1151799	4
144	752981	3
144	842160	2
145	1025647	3
145	19009	2
145	265845	2
145	1136266	2
145	1457420	2
145	1593866	2
145	23000	1
145	353500	1
145	709238	1
145	1179431	1
145	1418177	1
145	1516265	1
145	1666814	1
145	59791	0
145	283588	0
145	417285	0
145	764198	0
145	955939	0
145	1040081	0
145	1057134	0
145	1416990	0
145	1454852	0
145	1687557	0
145	1787097	0
146	589362	3
146	327651	2
146	740819	2
146	1440287	2
146	167199	1
146	334280	1
146	341807	1
146	768330	1
146	1202423	1
146	1223501	1
146	1393103	1
146	1412757	1
146	1791399	1
146	1813133	1
146	55401	0
146	734896	0
146	1006494	0
146	1617920	0
146	1669260	0
147	1136828	2
147	1681728	2
147	1189285	1
147	218691	0
147	228908	0
147	494244	0
147	829603	0
147	1273169	0
147	1547427	0
147	1671874	0
147	1806710	0
148	1065607	2
148	164599	1
148	1518913	0
149	338984	4
149	224872	2
149	1033254	1
149	1348679	1
149	1499363	1
149	1676837	1
149	1698121	1
149	1807260	1
149	159525	0
149	678599	0
149	1159798	0
150	18486	2
150	1066965	0
151	335366	2
151	703159	2
151	1256728	2
151	1313151	2
151	1400312	2
151	1742907	2
151	638061	1
151	947184	1
151	1422486	1
151	23825	0
151	198355	0
151	296340	0
151	409198	0
151	628370	0
151	913901	0
151	985523	0
151	1080330	0
151	1204458	0
151	1653775	0
151	1697554	0
152	101298	2
152	368805	2
152	613678	2
152	44359	1
152	259206	1
152	533683	1
152	795572	1
152	1088901	1
152	1614176	1
152	1740689	1
152	1794863	1
152	18510	0
152	74418	0
152	187749	0
152	292634	0
152	395932	0
152	443888	0
152	454466	0
152	470641	0
152	575005	0
152	658012	0
152	665734	0
152	694457	0
152	708009	0
152	723100	0
152	835396	0
152	838864	0
152	840162	0
152	858622	0
152	955140	0
152	1059562	0
152	1221278	0
152	1250019	0
152	1366816	0
152	1399616	0
152	1405260	0
152	1415024	0
152	1502799	0
152	1507052	0
152	1519649	0
152	1543554	0
152	1572677	0
152	1763892	0
152	1789312	0
152	1811328	0
153	95275	4
153	880442	4
153	1106196	4
153	1496563	4
153	1228267	3
153	1766852	3
153	144836	2
153	305672	2
153	308619	2
153	541635	2
153	1080398	2
153	1723423	2
153	110687	1
153	145322	1
153	250733	1
153	346147	1
153	347425	1
153	573274	1
153	699049	1
153	733276	1
153	769830	1
153	776310	1
153	814940	1
153	890735	1
153	949389	1
153	1005178	1
153	1662051	1
153	244321	0
153	261023	0
153	515933	0
153	808344	0
153	945289	0
153	953736	0
153	1085625	0
153	1220523	0
153	1444427	0
153	1470111	0
153	1745895	0
154	942193	1
154	1024540	1
154	1786096	1
154	33041	0
154	245852	0
154	387248	0
154	448860	0
154	570758	0
154	582762	0
154	681258	0
154	700207	0
154	711884	0
154	807187	0
154	1064864	0
154	1101657	0
154	1102232	0
154	1412788	0
154	1431848	0
154	1544719	0
154	1563877	0
154	1569897	0
155	29415	4
155	1541755	4
155	401763	3
155	102297	2
155	527546	2
155	948239	2
155	1541752	2
155	794440	1
155	964074	1
155	1790061	1
155	24099	0
155	251413	0
155	632431	0
155	1348557	0
156	217409	3
156	473748	3
156	652760	3
156	656055	2
156	683215	2
156	693490	2
156	731167	2
156	1149139	2
156	1263929	2
156	1402007	2
156	813843	1
156	848023	1
156	1143864	1
156	1234335	1
156	1357702	1
156	261605	0
156	1015176	0
156	1750751	0
156	1816693	0
157	196833	4
157	16773	2
157	859533	2
157	690919	1
157	779285	1
157	1421193	1
157	1746988	1
157	238679	0
158	116546	3
158	729528	3
158	1446561	2
158	1561400	2
158	537895	1
158	642230	1
158	716200	1
158	716839	1
158	731656	1
158	733572	1
158	998748	1
158	1107485	1
158	1152365	1
158	1186526	1
158	1305566	1
158	1324635	1
158	1794625	1
158	111068	0
158	186576	0
158	636615	0
158	667407	0
158	842928	0
158	1330468	0
158	1483580	0
158	1599535	0
158	1664820	0
159	1295454	3
159	1489457	1
159	30661	0
159	31393	0
159	143185	0
159	389043	0
159	507355	0
159	675209	0
159	783061	0
159	1291024	0
159	1464830	0
159	1517474	0
160	1655462	3
160	1352953	2
160	980413	1
161	1688404	4
161	230524	3
161	1556573	3
161	517080	2
161	732010	2
161	1355259	2
161	1383006	2
161	1706441	2
161	1771821	2
161	16874	1
161	333207	1
161	1172754	1
161	1303650	1
161	1432207	1
161	1452658	1
161	1720279	1
161	1720397	1
162	1118008	3
162	619154	2
162	763894	2
162	1015879	2
162	1160213	2
162	1611964	1
162	1799763	1
162	135198	0
162	218614	0
162	343563	0
162	552726	0
162	642530	0
162	792166	0
162	1469536	0
162	1699209	0
162	1819381	0
163	1069363	3
164	51097	4
164	930788	4
164	216360	3
164	812658	3
164	206830	2
164	341186	2
164	522626	2
164	555043	2
164	933273	2
164	1278663	2
164	1836463	2
164	3854	1
164	46250	1
164	69263	1
164	476819	1
164	583185	1
164	619096	1
164	759997	1
164	762977	1
164	1086745	1
164	1116944	1
164	1234481	1
164	1248859	1
164	1655757	1
164	1687141	1
164	178049	0
164	524177	0
164	734659	0
164	963493	0
164	1521886	0
165	420561	1
165	229657	0
165	520487	0
165	581804	0
165	642610	0
165	686390	0
165	884555	0
165	1575124	0
165	1682149	0
165	1720650	0
166	933677	3
166	181236	2
166	276929	2
166	301184	2
166	893394	2
166	959007	2
166	1244448	2
166	1541209	2
166	332670	1
166	382473	1
166	890418	1
166	1069767	1
166	1159361	1
166	1239659	1
166	1741452	1
166	1756450	1
166	773462	0
166	1230644	0
166	1647288	0
166	1710821	0
167	499380	3
167	87522	2
167	333878	2
167	414553	2
167	1028735	2
167	1666318	2
167	52282	1
167	260602	1
167	261104	1
167	454244	1
167	864904	1
167	1034798	1
167	1165293	1
167	1318535	1
167	1389361	1
167	1561420	1
167	1574477	1
167	539300	0
167	627073	0
167	782276	0
167	1286331	0
167	1316224	0
167	1346587	0
167	1490277	0
167	1620241	0
167	1633766	0
168	259455	4
168	1059790	2
168	72954	1
169	51433	2
169	176874	2
169	458781	2
169	775821	2
169	817696	2
169	1077262	2
169	1501832	2
169	1563941	2
169	1823120	2
169	1016599	1
169	1212419	1
169	1349906	1
169	1365912	1
169	1516880	1
170	21502	3
170	1354069	2
170	826672	1
170	924473	1
170	1392742	1
171	911759	1
171	102413	0
171	218423	0
171	333143	0
171	378237	0
171	589065	0
171	640361	0
171	766007	0
171	781775	0
171	789986	0
171	930530	0
171	939468	0
171	988852	0
171	997152	0
171	1078949	0
171	1135416	0
171	1166308	0
171	1314570	0
171	1348494	0
171	1402519	0
171	1426786	0
171	1428638	0
171	1656424	0
171	1755193	0
171	1772835	0
171	1780790	0
171	1824559	0
171	1828479	0
172	45051	2
172	298211	1
172	352221	1
172	867841	1
172	1294450	1
172	1369744	1
172	1428318	1
172	1631112	1
172	1724437	1
172	455004	0
172	601058	0
172	787272	0
172	909194	0
172	990199	0
172	1342659	0
172	1447173	0
172	1631980	0
173	1730430	4
173	115728	3
173	89532	2
173	95276	2
173	456167	2
173	759871	2
173	1108890	2
173	1379425	2
173	1393245	2
173	1546165	2
173	1698464	2
173	1726064	2
173	181686	1
173	323650	1
173	773791	1
173	900564	1
173	920034	1
173	1838216	1
173	315474	0
173	425413	0
173	711236	0
173	1151726	0
173	1646837	0
173	1694561	0
174	419516	2
174	368884	1
174	383439	1
174	925188	1
174	1018826	1
174	1291513	1
174	1300099	1
174	83680	0
174	128149	0
174	228038	0
174	780217	0
174	1034630	0
174	1811042	0
175	503771	4
175	479412	2
175	642255	1
175	807515	1
175	899652	1
175	973573	1
175	134299	0
175	739091	0
175	810557	0
175	1777345	0
176	1048766	2
176	1152603	2
176	1183967	2
176	1660496	2
176	24484	1
176	974677	1
176	1006313	1
176	163813	0
176	720718	0
176	982848	0
177	74674	1
177	201076	1
177	419283	1
177	472394	1
177	679761	1
177	761936	1
177	798674	1
177	902784	1
177	931623	1
177	938557	1
177	979942	1
177	1191406	1
177	1375022	1
177	1573830	1
177	1809603	1
177	281798	0
177	315130	0
177	1557920	0
177	1767127	0
178	445071	4
178	131294	3
178	182517	2
178	585098	2
178	920690	2
178	958279	2
178	987635	2
178	1210541	2
178	1636241	2
178	219671	1
178	234928	1
178	299433	1
178	323354	1
178	387250	1
178	430785	1
178	478152	1
178	863783	1
178	877564	1
178	978937	1
178	1085921	1
178	1173395	1
178	1174273	1
178	1176560	1
178	1205441	1
178	1218327	1
178	1251006	1
178	1292760	1
178	1344082	1
178	1365865	1
178	1384052	1
178	1398384	1
178	1406887	1
178	1424059	1
178	1440401	1
178	1532717	1
178	1556498	1
178	1600152	1
178	1636859	1
178	1683227	1
178	1734735	1
178	13274	0
178	52348	0
178	88957	0
178	228197	0
178	308989	0
178	487176	0
178	535278	0
178	748193	0
178	914623	0
178	1096474	0
178	1134993	0
178	1493581	0
178	1520413	0
178	1561626	0
178	1579817	0
178	1709418	0
178	1711525	0
178	1728449	0
178	1764399	0
179	53886	3
179	407306	3
179	45874	2
179	70787	2
179	132540	2
179	144139	2
179	395756	2
179	690058	2
179	836725	2
179	1058675	2
179	1229868	2
179	1276401	2
179	1551286	2
179	227228	0
179	282728	0
180	1573015	1
181	821070	2
181	554608	0
181	1347016	0
182	1754366	4
182	612870	3
182	722717	3
182	934924	3
182	216356	2
182	521908	2
182	724257	2
182	1237798	2
182	1305335	2
182	1338902	2
182	1623232	2
182	1802507	2
182	33668	1
182	72815	1
182	75388	1
182	133193	1
182	229552	1
182	643969	1
182	668146	1
182	779754	1
182	819783	1
182	1076108	1
182	1144226	1
182	1374446	1
182	1617014	1
182	1679389	1
182	1598334	0
183	165063	3
183	731985	3
183	237753	2
183	890274	2
183	943808	2
183	1190738	2
183	1253199	2
183	1480290	2
183	1818223	2
183	89792	1
183	148690	1
183	174172	1
183	319403	1
183	809418	1
183	1077024	1
183	1155685	1
183	1700663	1
183	299863	0
183	630077	0
183	935686	0
183	982228	0
183	987891	0
183	1076880	0
183	1117947	0
183	1461648	0
183	1542746	0
183	1732625	0
183	1823122	0
184	9314	3
184	1759981	3
184	582387	2
184	826606	2
184	1124279	0
184	1201725	0
184	1693867	0
185	1074339	4
185	1190462	3
185	1482959	2
185	901848	1
185	1049078	1
185	1051798	1
185	1159826	1
185	1351916	1
185	64601	0
185	289301	0
185	1400828	0
186	1517666	4
187	749263	3
187	81835	2
187	513220	2
187	1604304	2
187	1156657	1
187	1503428	1
187	1687419	1
187	428399	0
187	521355	0
187	600019	0
187	603419	0
187	777182	0
187	943603	0
187	1100058	0
187	1271568	0
187	1791314	0
187	1794626	0
188	655553	2
188	1036056	2
188	962138	1
188	1759649	1
188	23051	0
188	40459	0
188	44114	0
188	68595	0
188	151465	0
188	159861	0
188	188485	0
188	198097	0
188	298682	0
188	302398	0
188	328279	0
188	357874	0
188	518051	0
188	520522	0
188	593484	0
188	603382	0
188	620857	0
188	631358	0
188	691001	0
188	728581	0
188	767136	0
188	770506	0
188	842161	0
188	864960	0
188	997399	0
188	1017663	0
188	1036930	0
188	1098142	0
188	1125656	0
188	1127810	0
188	1166564	0
188	1193438	0
188	1240672	0
188	1282427	0
188	1291571	0
188	1400995	0
188	1407177	0
188	1412318	0
188	1530318	0
188	1571450	0
188	1610345	0
188	1620322	0
188	1650798	0
188	1758431	0
188	1797083	0
188	1819566	0
188	1820026	0
188	1828802	0
188	1836911	0
189	546846	2
189	1052442	2
189	1127144	2
189	1169595	2
189	1200771	2
189	1269410	2
189	1719966	2
189	134474	1
189	387157	1
189	846454	1
189	1273576	1
189	70166	0
189	211921	0
189	768498	0
189	797205	0
189	987982	0
189	1380362	0
189	1404292	0
189	1448525	0
189	1700845	0
189	1747308	0
190	358055	4
190	1667570	3
190	207627	1
190	212790	1
190	215000	1
190	383753	1
190	588300	1
190	841160	1
190	1087813	1
190	1510878	1
190	1700111	1
190	1765259	1
190	1828071	1
190	131619	0
190	1112812	0
190	1305246	0
190	1459809	0
190	1496435	0
191	962376	3
191	463310	2
191	1578714	2
191	34577	1
191	227799	1
191	695887	1
191	794057	1
191	953191	1
191	1240762	1
191	1633308	1
191	295006	0
191	417877	0
191	417932	0
191	539987	0
191	1836060	0
192	344181	2
192	559915	2
192	668022	2
192	1579703	2
192	458676	1
192	775689	1
192	878216	1
192	959279	1
192	961450	1
192	1663036	1
192	1675891	1
192	20350	0
192	198483	0
192	269490	0
192	324494	0
192	326064	0
192	451900	0
192	495977	0
192	546345	0
192	547998	0
192	650856	0
192	679285	0
192	682342	0
192	726689	0
192	775430	0
192	783318	0
192	797653	0
192	831865	0
192	834315	0
192	858296	0
192	920503	0
192	951298	0
192	1001075	0
192	1025311	0
192	1096850	0
192	1136989	0
192	1240271	0
192	1267142	0
192	1284290	0
192	1296223	0
192	1312421	0
192	1325761	0
192	1375416	0
192	1417374	0
192	1436135	0
192	1452838	0
192	1474526	0
192	1524496	0
192	1556209	0
192	1609896	0
192	1676260	0
192	1753863	0
192	1793611	0
192	1797240	0
192	1805147	0
193	1618458	3
193	404003	2
193	1697150	2
193	1818203	2
193	401157	1
193	1701788	1
193	549626	0
193	1145564	0
193	1349564	0
194	1035862	2
194	1138204	2
194	1514441	2
194	1598411	2
194	145984	1
194	193845	1
194	441903	1
194	448423	1
194	549684	1
194	733286	1
194	813100	1
194	1466768	1
194	245848	0
194	274182	0
194	465013	0
194	486117	0
194	588832	0
194	612897	0
194	831183	0
194	944404	0
194	1035281	0
194	1255442	0
194	1568448	0
195	66648	1
195	365151	1
195	1341422	1
195	1396410	1
195	185028	0
195	493974	0
195	618331	0
195	768948	0
195	1002363	0
195	1213704	0
195	1232802	0
195	1328058	0
195	1392543	0
195	1694321	0
196	428391	3
196	1668308	3
196	55215	2
196	451051	2
196	581182	2
196	959719	2
196	1213354	2
196	1613398	2
196	227445	1
196	351814	1
196	607913	1
196	867719	1
196	1329203	1
196	1369541	1
196	749391	0
196	827561	0
196	1050025	0
196	1517077	0
196	1815111	0
197	346883	2
197	1362563	2
197	1508680	2
197	549860	1
197	695594	1
197	1159967	1
197	1407449	1
197	1641972	1
197	1663292	1
197	1788990	1
197	316407	0
197	520559	0
197	1321705	0
198	1032108	4
198	1202198	3
198	928706	2
199	520946	3
199	657158	2
199	869839	2
199	1040294	2
199	1200431	2
199	1740498	2
199	549820	1
199	616773	1
199	727646	1
199	1297737	1
199	1338745	1
199	1625068	1
199	1802123	1
199	12598	0
199	192681	0
199	444688	0
200	515426	2
200	894	0
200	217216	0
200	239086	0
200	486440	0
200	1629820	0
200	1679702	0
201	142396	3
201	566476	3
201	1027755	3
201	1227601	3
201	1352828	3
201	1366416	3
201	695459	2
201	696719	2
201	931063	2
201	1040961	2
201	1109502	2
201	1719928	2
201	1770239	2
201	82268	1
201	370520	1
201	555973	1
201	1024961	1
201	1168617	1
201	1198287	1
201	1286359	1
201	1315974	1
201	1417331	1
201	1492533	1
201	1501067	1
201	1568591	1
201	1637747	1
201	1746810	1
201	1782771	1
201	58296	0
201	778883	0
201	781593	0
201	798945	0
201	921457	0
201	1100472	0
201	1549005	0
202	91466	2
202	1039289	2
202	1366414	2
202	703434	1
202	1840017	1
202	76629	0
202	98884	0
202	153375	0
202	280264	0
202	317141	0
202	602583	0
202	659835	0
202	894602	0
202	1019108	0
202	1019188	0
202	1302190	0
202	1448752	0
203	703181	2
203	1173273	2
203	1297725	2
203	1305649	2
203	1324883	2
203	1708027	2
203	105377	1
203	372074	1
203	419199	1
203	866731	1
203	1466219	1
203	1693981	1
203	382748	0
204	481654	4
204	963321	1
204	809395	0
205	1395003	3
205	598371	0
206	483852	1
206	810504	1
206	897916	1
206	923413	1
206	155955	0
206	242541	0
206	331796	0
206	349437	0
206	492089	0
206	628724	0
206	788507	0
206	806811	0
206	933574	0
206	1187035	0
206	1285841	0
206	1446599	0
206	1649881	0
207	1497721	4
207	277444	3
207	961872	2
207	327396	1
207	1719479	1
208	185527	1
208	1603850	1
208	83287	0
208	123546	0
208	269978	0
208	500636	0
208	523808	0
208	563458	0
208	716992	0
208	1293847	0
208	1464324	0
208	1527800	0
208	1794038	0
208	1834341	0
209	549327	3
209	1258426	3
209	708372	2
209	774977	2
209	1615738	2
209	642459	1
209	1676757	1
209	929712	0
209	1366840	0
210	10034	3
210	85738	2
210	657807	2
210	1436630	2
210	1616682	2
210	1662855	2
210	247762	1
210	326432	1
210	574547	1
210	943611	1
210	1306297	1
210	1676491	1
210	1731750	1
210	46156	0
210	777076	0
210	1086745	0
210	1728321	0
211	945614	2
211	291790	0
211	296483	0
211	324081	0
211	358969	0
211	476181	0
211	890117	0
211	920715	0
211	1043167	0
212	50864	1
212	1036499	1
212	1399630	1
212	1651875	1
212	1841901	1
212	188839	0
212	236472	0
212	314923	0
212	464747	0
212	531549	0
212	604828	0
212	672412	0
212	740228	0
212	812888	0
212	945750	0
212	1104620	0
212	1133850	0
212	1158763	0
212	1162655	0
212	1244013	0
212	1293854	0
212	1323397	0
212	1478768	0
212	1518570	0
212	1736863	0
212	1755028	0
212	1772218	0
213	1721082	4
213	1743489	4
213	857916	3
213	1420431	3
213	3450	2
213	110443	2
213	346813	2
213	541920	2
213	880761	2
213	1107285	2
213	1170407	2
213	1284940	2
213	1336640	2
213	1476242	2
213	1628536	2
213	1670486	2
213	17717	1
213	349441	1
213	388335	1
213	459004	1
213	629351	1
213	636420	1
213	872110	1
213	934150	1
213	1035298	1
213	1460259	1
213	1809051	1
213	22805	0
213	66763	0
213	116445	0
213	364506	0
213	479994	0
213	592683	0
213	649842	0
213	653739	0
213	763558	0
213	886983	0
213	935021	0
213	973637	0
213	1345613	0
213	1558004	0
213	1723679	0
213	1744963	0
214	903289	4
214	1454793	3
214	51301	2
214	567788	2
214	742881	2
214	956362	2
214	1459706	2
214	1751681	2
214	53888	1
214	69457	1
214	487624	1
214	604935	1
214	726840	1
214	813995	1
214	1097753	1
214	1159506	1
214	1693936	1
214	1758640	1
214	1787050	1
214	1828705	1
214	530077	0
214	1332874	0
214	1624406	0
215	1013642	2
215	1490910	2
215	1548037	2
215	372177	1
215	450826	1
215	774847	1
215	1024022	1
215	1247893	1
215	1286717	1
215	9078	0
215	138723	0
215	145643	0
215	311181	0
215	543952	0
215	783694	0
215	863010	0
215	1169395	0
215	1308473	0
215	1355514	0
215	1375283	0
215	1407652	0
215	1464144	0
215	1567298	0
215	1816131	0
216	584204	4
216	1305076	4
216	1686306	4
216	227454	3
216	297569	3
216	321964	3
216	160985	2
216	373613	2
216	1058334	2
216	1323278	2
216	1442939	2
216	1781526	2
216	59074	1
216	494310	1
216	523849	1
216	576453	1
216	1249121	1
216	477589	0
216	516277	0
216	856647	0
216	957722	0
216	997520	0
216	1088178	0
216	1569637	0
216	1607942	0
217	510603	1
217	1373938	0
218	536700	2
219	10221	1
219	630239	1
219	871735	1
219	948454	1
219	1530712	1
219	179508	0
219	344016	0
219	578236	0
219	1018401	0
219	1198251	0
219	1601394	0
220	1550680	3
220	134956	2
220	197712	2
220	820359	2
220	900239	2
220	1210997	2
220	1728532	2
220	58512	1
220	337801	1
220	769614	1
220	927124	1
220	1076706	1
220	1444673	1
220	1581634	1
220	1712642	1
220	68802	0
220	441023	0
220	747448	0
220	1340781	0
220	1446179	0
220	1523561	0
221	1753168	2
221	71864	1
221	282707	1
221	791970	1
221	809198	1
221	1289312	1
221	1553528	1
221	1006427	0
221	1077871	0
221	1082719	0
221	1751558	0
222	447446	2
222	1241370	1
222	3258	0
222	11858	0
222	69655	0
222	99482	0
222	122565	0
222	163791	0
222	228406	0
222	238828	0
222	253195	0
222	254899	0
222	298420	0
222	371133	0
222	394860	0
222	438024	0
222	441241	0
222	445368	0
222	478803	0
222	487847	0
222	504576	0
222	528256	0
222	699834	0
222	814425	0
222	862634	0
222	875610	0
222	886541	0
222	1046238	0
222	1091871	0
222	1125213	0
222	1131700	0
222	1160607	0
222	1175560	0
222	1223717	0
222	1270356	0
222	1298415	0
222	1507818	0
222	1517055	0
222	1536854	0
222	1548886	0
222	1560329	0
222	1639426	0
222	1695548	0
222	1728342	0
222	1812931	0
223	150301	2
223	1831380	2
223	631578	1
223	1306550	1
223	178735	0
224	367048	3
224	1655111	2
224	164289	1
224	1238985	1
224	1317245	1
224	1342236	1
224	1406941	1
224	1423876	1
224	1532843	1
224	106071	0
224	243770	0
224	456285	0
224	473575	0
224	585746	0
224	717510	0
224	917996	0
224	1531992	0
225	383557	2
225	441331	2
225	444300	2
225	1184960	2
225	1628289	2
225	97442	1
225	127757	1
225	133614	1
225	607699	1
225	846353	1
225	1040154	1
225	1139035	1
225	1296929	1
225	1410934	1
225	60631	0
225	72865	0
225	191931	0
225	436617	0
225	602663	0
225	670987	0
225	747795	0
225	816597	0
225	1044871	0
225	1060427	0
225	1108407	0
225	1362152	0
225	1370922	0
225	1515744	0
226	900589	4
226	461198	0
227	1077590	4
227	1755527	3
227	124349	1
227	144221	1
227	495088	1
227	667230	1
227	992147	1
227	1432985	1
227	1824611	0
228	1344248	4
228	86582	3
228	534547	2
228	694785	1
229	642830	2
229	1209592	2
229	439438	1
229	1128116	1
229	1309170	1
229	1555560	1
229	167896	0
229	189288	0
229	516539	0
229	792467	0
229	887773	0
229	1123094	0
229	1221583	0
229	1356149	0
229	1698521	0
229	1709072	0
229	1747915	0
229	1804446	0
230	387575	4
230	1726903	2
231	1151352	2
231	160184	1
231	506770	1
231	761136	1
231	1153814	1
231	1459149	1
231	1611035	1
231	126100	0
231	551884	0
231	626147	0
231	888194	0
231	890514	0
231	1239142	0
231	1284624	0
231	1606689	0
231	1632108	0
231	1719927	0
232	223599	3
232	227889	2
232	743916	1
233	1252182	2
234	1555813	4
235	456665	4
235	401232	2
235	410275	2
235	1043185	2
235	1146210	2
235	104779	1
235	245670	1
235	276862	1
235	336724	1
235	713141	1
235	884190	1
235	978105	1
235	1681906	1
235	80962	0
235	780097	0
235	1115315	0
235	1250220	0
235	1452403	0
235	1467207	0
235	1730899	0
235	1830850	0
236	480987	3
236	183232	2
236	933521	2
236	1241429	2
236	1485942	2
236	1641591	2
236	150685	1
236	205061	1
236	250921	1
236	290050	1
236	360344	1
236	406526	1
236	530785	1
236	575760	1
236	789125	1
236	1002448	1
236	1064448	1
236	1088806	1
236	1163373	1
236	1411420	1
236	1465355	1
236	707122	0
236	896545	0
236	967156	0
236	1454340	0
236	1665185	0
237	1142549	3
237	269030	2
237	291308	1
238	499217	2
238	718112	2
238	26183	1
238	55004	1
238	67255	1
238	81555	1
238	116470	1
238	124449	1
238	319326	1
238	350612	1
238	782586	1
238	859674	1
238	899865	1
238	1209324	1
238	1295298	1
238	1390426	1
238	1540298	1
238	1543090	1
238	1785680	1
238	36562	0
238	380180	0
238	558246	0
238	911761	0
238	1040960	0
238	1116740	0
238	1396145	0
238	1667519	0
239	1649008	3
239	180957	2
239	1266596	2
239	126895	1
239	371801	1
239	781470	1
239	910362	1
239	1406136	1
239	48	0
239	19740	0
239	44093	0
239	112073	0
239	421596	0
239	990331	0
239	1029857	0
239	1489855	0
239	1673106	0
240	1078925	3
240	1196990	3
240	78299	2
240	1431458	2
240	1561651	1
240	1616658	0
241	561385	4
242	963594	3
242	74624	2
242	309138	2
242	166675	1
242	1124995	1
242	51018	0
242	51644	0
242	176889	0
242	216676	0
242	254175	0
242	287944	0
242	336905	0
242	338375	0
242	430312	0
242	490728	0
242	530178	0
242	567766	0
242	621247	0
242	623280	0
242	644601	0
242	647410	0
242	679374	0
242	731498	0
242	741232	0
242	777655	0
242	821858	0
242	850373	0
242	905478	0
242	1130206	0
242	1188269	0
242	1215308	0
242	1228288	0
242	1292359	0
242	1330683	0
242	1345128	0
242	1373583	0
242	1459233	0
242	1471356	0
242	1519820	0
242	1561344	0
242	1561366	0
242	1682864	0
243	611668	2
243	837771	2
243	959173	2
243	1531199	2
243	31918	1
243	35248	1
243	721762	1
243	1290236	1
243	1741640	1
243	1785916	1
243	1565031	0
244	376046	4
244	130420	2
245	863319	2
245	911773	2
245	954534	2
245	1333252	2
245	2748	1
245	46052	1
245	68217	1
245	118839	1
245	333149	1
245	1058620	1
245	18394	0
245	426461	0
245	569351	0
245	607010	0
245	620022	0
245	889778	0
245	1028126	0
245	1190906	0
245	1233502	0
246	713429	2
246	783798	2
246	819603	2
246	1017687	1
246	1324718	1
246	157117	0
246	1056633	0
246	1193580	0
247	389040	4
247	1809905	3
248	464982	3
248	866287	3
248	953746	2
248	199189	1
248	459948	1
248	1737559	1
248	27313	0
248	423820	0
248	918152	0
248	1514498	0
249	650974	4
249	1814267	4
249	831519	3
249	1080852	3
249	1349067	3
249	1745257	3
249	114586	2
249	385886	2
249	864553	2
249	986931	2
249	1470819	2
249	1783743	2
249	1067703	1
249	1533749	0
250	667166	4
251	217480	4
251	351001	3
252	10156	4
252	737243	4
252	1317523	3
252	112039	2
252	156037	2
252	563090	2
252	680001	2
252	1489948	2
252	1553103	2
252	1586088	2
252	46374	1
252	150312	1
252	328010	1
252	345654	1
252	475344	1
252	1210312	1
252	1225491	1
252	1367002	1
252	1647121	1
252	424636	0
252	429634	0
252	826135	0
252	1772289	0
252	1776233	0
252	1812895	0
253	51525	2
253	110243	2
253	401144	2
253	573972	2
253	924846	2
253	1447026	2
253	1474271	2
253	101284	1
253	211978	1
253	781277	1
253	1207516	1
253	1400537	1
253	1607971	1
253	5536	0
253	169904	0
253	188054	0
253	307610	0
253	1061002	0
253	1382037	0
254	104517	1
254	1422787	1
254	601612	0
254	1241363	0
254	1395518	0
255	1459476	4
255	842131	2
255	1212031	2
255	1584176	2
255	988517	1
255	1107309	1
255	720431	0
255	724369	0
255	817159	0
255	1015864	0
255	1075266	0
255	1190627	0
255	1412033	0
255	1571667	0
255	1713951	0
256	619251	3
256	1468029	0
257	194740	4
257	1768239	4
257	303298	2
257	361230	2
257	562042	2
257	566286	2
257	791813	2
257	1168859	2
257	1199439	2
257	107733	1
257	111095	1
257	397979	1
257	1084276	1
257	1428745	1
257	1480667	1
257	279737	0
257	496802	0
257	505789	0
257	574473	0
257	596046	0
257	753210	0
257	1001802	0
257	1418321	0
258	1411841	1
258	20437	0
258	45632	0
258	603041	0
258	610969	0
258	752958	0
258	767492	0
258	836817	0
258	879792	0
258	940589	0
258	960069	0
258	1061514	0
258	1124500	0
258	1171587	0
258	1285274	0
258	1517605	0
258	1632408	0
258	1786739	0
258	1811415	0
259	216921	3
259	363439	3
259	389043	3
259	438599	3
259	762870	3
259	965058	3
259	1121550	3
259	1259299	3
259	1297766	3
259	1588591	3
259	1681322	3
259	79349	2
259	253501	2
259	583472	2
259	607040	2
259	849335	2
259	1083302	2
259	1134800	2
259	1350439	2
259	1406281	2
259	1751811	2
259	119891	1
259	300147	1
259	343828	1
259	344936	1
259	418435	1
259	576901	1
259	1274589	1
259	1305688	1
259	1522573	1
259	1759089	1
259	1768667	1
259	362975	0
259	479137	0
259	596011	0
260	1486678	4
260	1149792	3
260	1596842	2
260	855032	0
261	357812	3
261	672183	3
261	694862	3
261	222350	2
261	290044	2
261	325715	1
261	1405062	1
261	1721552	1
261	88469	0
261	462347	0
261	513531	0
261	522692	0
261	614612	0
261	696517	0
261	774665	0
261	867546	0
261	1142219	0
261	1608499	0
261	1638635	0
262	1279374	2
262	9943	0
262	96971	0
262	132450	0
262	271194	0
262	354324	0
262	365647	0
262	394022	0
262	421031	0
262	448801	0
262	589948	0
262	610906	0
262	697539	0
262	710925	0
262	711573	0
262	761887	0
262	772087	0
262	829639	0
262	857710	0
262	876695	0
262	930599	0
262	957989	0
262	1003890	0
262	1014971	0
262	1035722	0
262	1041639	0
262	1084718	0
262	1147802	0
262	1148204	0
262	1150398	0
262	1172268	0
262	1229878	0
262	1273296	0
262	1330832	0
262	1344649	0
262	1354278	0
262	1366551	0
262	1427799	0
262	1474847	0
262	1658170	0
262	1766857	0
262	1786617	0
263	949594	4
263	345543	3
263	1020321	0
264	132759	2
264	210813	2
264	300997	2
264	356236	2
264	396491	2
264	529202	2
264	635940	2
264	1172034	2
264	1242212	2
264	1348667	2
264	1612627	2
264	281384	0
265	22433	2
265	53315	2
265	612226	2
265	988713	2
265	282739	1
265	403771	1
265	1070475	1
265	117540	0
265	947088	0
265	1219380	0
265	1266764	0
265	1651566	0
265	1822887	0
266	339213	4
266	1408653	2
266	91406	1
266	113376	1
266	675235	1
266	902837	1
266	1183093	1
266	1319896	1
266	1366861	1
266	1831556	1
266	1090689	0
266	1098969	0
266	1272391	0
266	1523346	0
267	825395	3
267	181999	2
267	814308	2
267	901772	2
267	1060822	2
267	1630094	2
267	381781	1
267	803385	1
267	1004749	1
267	1112390	1
267	1713779	1
267	136800	0
267	165544	0
267	203826	0
267	587449	0
267	590792	0
267	603967	0
267	620347	0
267	841290	0
267	1285496	0
267	1619638	0
267	1789429	0
268	23683	2
268	103382	2
268	793108	2
268	126067	1
268	482209	1
268	909368	1
268	1063096	1
268	1315126	1
268	271486	0
268	436550	0
268	664270	0
268	777271	0
268	873842	0
268	1633174	0
269	1600042	4
269	41081	2
269	766702	2
270	1613	2
270	609758	2
270	1769536	2
270	600	1
270	32402	1
270	60058	1
270	76643	1
270	313661	1
270	530334	1
270	744690	1
270	1003912	1
270	1223939	1
270	1322349	1
270	1528107	1
270	128354	0
270	254355	0
270	722348	0
270	1378223	0
271	170543	4
271	163906	3
271	804003	3
271	805108	3
271	885803	3
271	1374696	3
271	1614449	3
271	160536	2
271	244048	2
271	367432	2
271	421512	2
271	1182259	2
271	1325174	2
271	84001	1
271	248583	1
271	277684	1
271	480999	1
271	784426	1
271	944942	1
271	1341364	1
271	1348306	1
271	1642490	1
271	1683751	1
271	1760415	1
271	1825866	1
271	719804	0
271	852772	0
